const uint8_t PROGMEM audioSample[] = {
    254, 63, 249, 171, 97, 255, 169, 66,
    223, 109, 230, 130, 184, 18, 88, 91,
    153, 99, 92, 66, 212, 128, 53, 155,
    127, 255, 189, 81, 13, 157, 141, 182,
    6, 115, 3, 104, 247, 181, 29, 118,
    154, 190, 71, 77, 102, 251, 247, 56,
    56, 38, 29, 15, 66, 232, 91, 8,
    130, 74, 52, 152, 53, 18, 243, 128,
    199, 237, 180, 178, 200, 134, 254, 206,
    238, 170, 37, 214, 46, 168, 184, 236,
    183, 225, 31, 214, 138, 159, 71, 158,
    165, 206, 130, 128, 175, 17, 66, 222,
    37, 255, 151, 41, 223, 51, 165, 181,
    25, 200, 136, 193, 204, 59, 49, 5,
    251, 245, 133, 213, 32, 82, 97, 245,
    64, 255, 204, 31, 172, 22, 111, 251,
    83, 175, 153, 37, 126, 10, 224, 203,
    208, 140, 131, 86, 76, 218, 73, 120,
    212, 160, 226, 175, 180, 204, 129, 104,
    203, 151, 21, 1, 16, 38, 166, 64,
    62, 77, 253, 148, 125, 244, 236, 48,
    112, 216, 253, 130, 2, 116, 115, 188,
    0, 0, 224, 205, 121, 180, 159, 145,
    96, 179, 235, 242, 159, 98, 75, 108,
    147, 48, 12, 119, 122, 95, 64, 62,
    35, 108, 218, 6, 204, 174, 194, 45,
    98, 213, 36, 21, 247, 192, 45, 52,
    10, 130, 13, 188, 203, 73, 103, 251,
    250, 16, 28, 200, 239, 24, 213, 170,
    156, 79, 217, 198, 241, 234, 28, 24,
    231, 1, 19, 108, 177, 238, 98, 103,
    53, 33, 224, 235, 211, 190, 168, 104,
};
#define SAMPLE_LENGTH 256
