const uint8_t PROGMEM audioSample[] = {
    69, 126, 249, 204, 207, 109, 205, 219,
    4, 223, 44, 181, 158, 201, 71, 143,
    51, 247, 134, 14, 88, 101, 122, 89,
    218, 27, 106, 196, 48, 24, 71, 86,
    159, 13, 76, 146, 234, 156, 230, 211,
    177, 131, 3, 49, 105, 117, 241, 30,
    236, 198, 191, 212, 141, 56, 129, 178,
    55, 65, 195, 67, 15, 86, 82, 174,
    163, 191, 41, 185, 114, 230, 138, 130,
    72, 210, 66, 137, 252, 28, 237, 91,
    61, 230, 28, 87, 61, 35, 195, 231,
    194, 198, 81, 12, 235, 193, 150, 30,
    178, 246, 217, 79, 18, 227, 231, 44,
    186, 213, 41, 22, 244, 25, 209, 198,
    238, 130, 114, 130, 134, 84, 76, 239,
    152, 196, 70, 104, 251, 124, 83, 74,
    101, 234, 150, 96, 96, 24, 228, 64,
    57, 167, 177, 245, 126, 125, 60, 186,
    94, 126, 106, 65, 99, 29, 210, 93,
    63, 113, 106, 241, 95, 17, 223, 8,
    18, 73, 102, 138, 66, 58, 124, 251,
    189, 172, 115, 221, 172, 187, 90, 75,
    193, 193, 42, 34, 161, 114, 78, 162,
    164, 179, 192, 31, 21, 54, 207, 78,
    114, 131, 112, 223, 216, 68, 89, 95,
    216, 117, 34, 246, 248, 13, 78, 45,
    198, 73, 117, 80, 116, 208, 77, 73,
    73, 36, 252, 36, 219, 0, 132, 255,
    192, 217, 223, 194, 203, 244, 177, 2,
    163, 44, 98, 131, 2, 58, 127, 180,
    171, 13, 192, 98, 61, 212, 153, 99,
    185, 198, 70, 230, 231, 163, 142, 252,
};
#define SAMPLE_LENGTH 256
