const uint8_t PROGMEM audioSample[] = {
    100, 223, 26, 104, 10, 224, 57, 11,
    10, 184, 81, 126, 87, 68, 231, 61,
    105, 173, 26, 130, 52, 58, 136, 187,
    117, 223, 225, 212, 3, 210, 230, 169,
    192, 63, 119, 27, 6, 178, 48, 242,
    153, 211, 249, 97, 17, 76, 90, 139,
    20, 80, 174, 8, 190, 89, 13, 2,
    79, 172, 46, 142, 71, 128, 144, 204,
    199, 233, 195, 184, 175, 37, 98, 21,
    97, 77, 243, 247, 16, 12, 97, 4,
    251, 81, 110, 224, 95, 132, 4, 86,
    198, 109, 246, 23, 193, 181, 162, 16,
    217, 53, 169, 141, 109, 50, 56, 31,
    252, 226, 174, 145, 194, 113, 74, 183,
    203, 123, 61, 15, 30, 0, 211, 35,
    234, 121, 94, 199, 104, 149, 0, 108,
    179, 146, 222, 74, 108, 165, 114, 134,
    26, 167, 154, 176, 251, 58, 116, 25,
    204, 204, 255, 157, 190, 130, 65, 101,
    132, 191, 32, 88, 61, 191, 251, 151,
    42, 140, 215, 49, 73, 244, 164, 132,
    166, 65, 14, 190, 231, 201, 22, 63,
    209, 211, 123, 185, 11, 34, 74, 136,
    42, 54, 129, 76, 229, 217, 37, 98,
    104, 150, 216, 67, 204, 167, 19, 169,
    253, 201, 20, 205, 255, 149, 187, 62,
    35, 19, 1, 119, 137, 214, 209, 225,
    254, 119, 135, 181, 21, 50, 31, 108,
    187, 156, 214, 207, 3, 224, 164, 162,
    5, 0, 129, 34, 40, 65, 239, 154,
    163, 47, 51, 146, 166, 2, 146, 172,
    14, 47, 67, 226, 248, 220, 172, 21,
};
#define SAMPLE_LENGTH 256
