const uint8_t PROGMEM audioSample[] = {
    124, 72, 179, 194, 231, 5, 5, 6,
    180, 241, 193, 142, 130, 223, 250, 227,
    175, 218, 9, 228, 180, 255, 65, 85,
    126, 13, 86, 158, 253, 228, 36, 44,
    199, 27, 158, 124, 204, 47, 201, 117,
    59, 112, 129, 163, 51, 51, 84, 42,
    39, 188, 242, 143, 122, 175, 100, 0,
    203, 238, 99, 84, 9, 22, 60, 85,
    55, 200, 109, 98, 195, 209, 95, 129,
    245, 86, 225, 99, 179, 42, 77, 249,
    210, 148, 108, 99, 66, 131, 118, 130,
    233, 227, 224, 198, 99, 210, 154, 193,
    209, 255, 152, 119, 93, 135, 173, 154,
    201, 217, 164, 100, 195, 253, 67, 69,
    21, 189, 51, 19, 181, 130, 200, 29,
    169, 66, 26, 9, 148, 35, 196, 203,
    141, 53, 134, 43, 36, 236, 96, 125,
    138, 203, 39, 173, 34, 51, 41, 119,
    223, 29, 29, 225, 22, 82, 156, 202,
    130, 225, 193, 22, 127, 204, 102, 47,
    157, 14, 121, 170, 135, 70, 24, 214,
    97, 255, 151, 208, 89, 132, 181, 80,
    253, 181, 225, 150, 167, 141, 52, 221,
    191, 33, 116, 235, 8, 181, 150, 101,
    218, 230, 86, 82, 28, 180, 127, 43,
    101, 201, 44, 159, 28, 115, 241, 231,
    254, 167, 143, 36, 219, 251, 29, 42,
    121, 241, 69, 180, 14, 233, 144, 99,
    234, 173, 197, 191, 95, 211, 118, 18,
    125, 136, 250, 129, 232, 243, 185, 214,
    190, 148, 150, 224, 158, 99, 7, 29,
    24, 107, 232, 77, 175, 141, 136, 67,
};
#define SAMPLE_LENGTH 256
